0,456
0,455
46,4
46,3
46,2
46,1
46,0
0,454
0,453
0,452
45,7
45,6
45,5
45,4
45,3
45,2
0,451
45,1
45,0
0,450
0,449
0,448
0,447
0,446
0,445
0,444
0,443
0,442
0,441
0,440
14,5
14,4
0,439
0,438
44,6
44,5
44,4
44,3
44,2
0,437
44,1
44,0
0,436
0,435
0,434
0,433
0,432
0,431
0,430
43,6
43,5
43,4
43,3
43,2
0,429
43,1
43,0
0,428
0,427
42,3
42,2
0,426
42,1
42,0
0,425
0,424
41,5
41,4
41,3
41,2
0,423
41,1
41,0
0,422
0,421
0,420
0,419
0,418
0,417
0,416
40,6
40,5
40,4
40,3
40,2
0,415
40,1
40,0
0,414
0,413
0,412
0,411
0,410
0,409
0,408
39,6
39,5
39,4
39,3
39,2
0,407
39,1
39,0
0,406
0,405
0,404
38,6
38,5
38,4
38,3
38,2
38,1
38,0
0,403
0,402
0,401
0,400
37,6
37,5
37,4
37,3
37,2
37,1
37,0
0,399
0,398
0,397
0,396
36,6
36,5
36,4
36,3
36,2
36,1
36,0
0,395
0,394
0,393
0,392
35,6
35,5
35,4
35,3
